#Parameters = {focal_length=2280; feed_offset=400; feed_position=2680; flare_diameter_variation=445}
#"Theta / deg"	"Realized Gain,Phi=0.0_f=1 (feed_offset=400) [Real Part]"
#-----------------------------------------------------------------------
-180.00000000000	-9.5212322552091
-179.00000000000	-11.719420822828
-178.00000000000	-20.656615042226
-177.00000000000	-22.455265236428
-176.00000000000	-18.599899885686
-175.00000000000	-23.221972837490
-174.00000000000	-33.396197574194
-173.00000000000	-31.346044839881
-172.00000000000	-33.659508399483
-171.00000000000	-24.476235609768
-170.00000000000	-23.920386495370
-169.00000000000	-28.412778483985
-168.00000000000	-29.536423074581
-167.00000000000	-32.459962382387
-166.00000000000	-37.423767588657
-165.00000000000	-26.979913217016
-164.00000000000	-25.777272904194
-163.00000000000	-27.188451747100
-162.00000000000	-28.235614751546
-161.00000000000	-33.191567924686
-160.00000000000	-40.147605899805
-159.00000000000	-30.082540037229
-158.00000000000	-29.980523025238
-157.00000000000	-30.876617548431
-156.00000000000	-28.389142606141
-155.00000000000	-29.236913764468
-154.00000000000	-35.323850182673
-153.00000000000	-34.109093349547
-152.00000000000	-31.246347430039
-151.00000000000	-30.832238275781
-150.00000000000	-28.831962447715
-149.00000000000	-27.821858276400
-148.00000000000	-29.001265751608
-147.00000000000	-30.196032569869
-146.00000000000	-29.947966416251
-145.00000000000	-30.417076116845
-144.00000000000	-30.316755892750
-143.00000000000	-28.680472032310
-142.00000000000	-28.177540357366
-141.00000000000	-29.240523203570
-140.00000000000	-29.702947491184
-139.00000000000	-28.390867646736
-138.00000000000	-27.322016217353
-137.00000000000	-26.976400517793
-136.00000000000	-27.008944245292
-135.00000000000	-27.414648448764
-134.00000000000	-28.053720127009
-133.00000000000	-27.907085061646
-132.00000000000	-26.666020666290
-131.00000000000	-25.476416024887
-130.00000000000	-24.870355573941
-129.00000000000	-24.612072906832
-128.00000000000	-24.327453870875
-127.00000000000	-23.954949726298
-126.00000000000	-23.634743092300
-125.00000000000	-23.341801688488
-124.00000000000	-22.877287662018
-123.00000000000	-22.167728216130
-122.00000000000	-21.385210758866
-121.00000000000	-20.740070098811
-120.00000000000	-20.314064416596
-119.00000000000	-20.050832311128
-118.00000000000	-19.805225925301
-117.00000000000	-19.420446552980
-116.00000000000	-18.828949886925
-115.00000000000	-18.085858150703
-114.00000000000	-17.300214507868
-113.00000000000	-16.550597788068
-112.00000000000	-15.858015879298
-111.00000000000	-15.202916076170
-110.00000000000	-14.553777145239
-109.00000000000	-13.891069453495
-108.00000000000	-13.214981131185
-107.00000000000	-12.538229005904
-106.00000000000	-11.875473151644
-105.00000000000	-11.237584414644
-104.00000000000	-10.633401361536
-103.00000000000	-10.074005655174
-102.00000000000	-9.5756635600779
-101.00000000000	-9.1591327118438
-100.00000000000	-8.8466261154479
-99.000000000000	-8.6593145515447
-98.000000000000	-8.6167234431468
-97.000000000000	-8.7379641430902
-96.000000000000	-9.0447876735641
-95.000000000000	-9.5653559417454
-94.000000000000	-10.337857019876
-93.000000000000	-11.414167084078
-92.000000000000	-12.861334014087
-91.000000000000	-14.751318203924
-90.000000000000	-17.087945056843
-89.000000000000	-19.469906843405
-88.000000000000	-20.506825817599
-87.000000000000	-19.491436542162
-86.000000000000	-17.896794423795
-85.000000000000	-16.694611057365
-84.000000000000	-16.074144874310
-83.000000000000	-16.027427402863
-82.000000000000	-16.538010119081
-81.000000000000	-17.630545660249
-80.000000000000	-19.415382095826
-79.000000000000	-22.204196283614
-78.000000000000	-26.939435815979
-77.000000000000	-37.367670353625
-76.000000000000	-30.664937308312
-75.000000000000	-24.203280789738
-74.000000000000	-21.033246128505
-73.000000000000	-19.509615826084
-72.000000000000	-19.281720356215
-71.000000000000	-20.461944698166
-70.000000000000	-23.750710000072
-69.000000000000	-32.069407257702
-68.000000000000	-29.749087175444
-67.000000000000	-22.405951677501
-66.000000000000	-19.379495739580
-65.000000000000	-18.549126856735
-64.000000000000	-19.626357998066
-63.000000000000	-23.244978239068
-62.000000000000	-30.676160011497
-61.000000000000	-25.188717798612
-60.000000000000	-20.105952462226
-59.000000000000	-18.183751723562
-58.000000000000	-18.449148324324
-57.000000000000	-21.113308016749
-56.000000000000	-27.718469334402
-55.000000000000	-26.843733148778
-54.000000000000	-20.707755763795
-53.000000000000	-18.485217838906
-52.000000000000	-18.944909456602
-51.000000000000	-22.553525711423
-50.000000000000	-34.602764717377
-49.000000000000	-28.090379060657
-48.000000000000	-23.640334585482
-47.000000000000	-25.753380144758
-46.000000000000	-29.396411252734
-45.000000000000	-20.286489920169
-44.000000000000	-16.355087634694
-43.000000000000	-15.902950943801
-42.000000000000	-18.154159435083
-41.000000000000	-18.084666750913
-40.000000000000	-13.766721743201
-39.000000000000	-11.261529621916
-38.000000000000	-10.808113670802
-37.000000000000	-11.911369678439
-36.000000000000	-12.985874317103
-35.000000000000	-10.787039513788
-34.000000000000	-7.5755359160733
-33.000000000000	-5.8219907460599
-32.000000000000	-5.7953602731270
-31.000000000000	-6.8018435172625
-30.000000000000	-6.6517610218453
-29.000000000000	-5.0237067303712
-28.000000000000	-3.8665717888106
-27.000000000000	-3.7050886885588
-26.000000000000	-4.2385140965295
-25.000000000000	-4.1195576606301
-24.000000000000	-2.2996296088014
-23.000000000000	-0.69808529611673
-22.000000000000	-0.63442148095025
-21.000000000000	-2.0510958605857
-20.000000000000	-3.4589743376910
-19.000000000000	-2.2508431382922
-18.000000000000	0.30425009359099
-17.000000000000	1.6791757760258
-16.000000000000	1.0085778731097
-15.000000000000	-1.3001848717586
-14.000000000000	-1.9589268508226
-13.000000000000	0.21891189264031
-12.000000000000	2.5174242477277
-11.000000000000	3.1697514737807
-10.000000000000	0.43069170119245
-9.0000000000000	-7.0657551063481
-8.0000000000000	-7.5433525788019
-7.0000000000000	-13.503726746552
-6.0000000000000	5.2891608617005
-5.0000000000000	13.511295723698
-4.0000000000000	20.428009305589
-3.0000000000000	26.150292808931
-2.0000000000000	30.193979805371
-1.0000000000000	32.556447832444
0.0000000000000	33.330884553883
1.0000000000000	32.556447832444
2.0000000000000	30.193979805371
3.0000000000000	26.150292808931
4.0000000000000	20.428009305589
5.0000000000000	13.511295723698
6.0000000000000	5.2891608617005
7.0000000000000	-13.503726746551
8.0000000000000	-7.5433525788019
9.0000000000000	-7.0657551063482
10.000000000000	0.43069170119218
11.000000000000	3.1697514737807
12.000000000000	2.5174242477278
13.000000000000	0.21891189264038
14.000000000000	-1.9589268508226
15.000000000000	-1.3001848717586
16.000000000000	1.0085778731096
17.000000000000	1.6791757760258
18.000000000000	0.30425009359102
19.000000000000	-2.2508431382920
20.000000000000	-3.4589743376910
21.000000000000	-2.0510958605858
22.000000000000	-0.63442148095026
23.000000000000	-0.69808529611667
24.000000000000	-2.2996296088014
25.000000000000	-4.1195576606301
26.000000000000	-4.2385140965295
27.000000000000	-3.7050886885588
28.000000000000	-3.8665717888106
29.000000000000	-5.0237067303712
30.000000000000	-6.6517610218452
31.000000000000	-6.8018435172626
32.000000000000	-5.7953602731270
33.000000000000	-5.8219907460599
34.000000000000	-7.5755359160732
35.000000000000	-10.787039513788
36.000000000000	-12.985874317103
37.000000000000	-11.911369678439
38.000000000000	-10.808113670802
39.000000000000	-11.261529621915
40.000000000000	-13.766721743201
41.000000000000	-18.084666750913
42.000000000000	-18.154159435083
43.000000000000	-15.902950943801
44.000000000000	-16.355087634694
45.000000000000	-20.286489920169
46.000000000000	-29.396411252733
47.000000000000	-25.753380144758
48.000000000000	-23.640334585482
49.000000000000	-28.090379060657
50.000000000000	-34.602764717377
51.000000000000	-22.553525711423
52.000000000000	-18.944909456602
53.000000000000	-18.485217838906
54.000000000000	-20.707755763795
55.000000000000	-26.843733148778
56.000000000000	-27.718469334402
57.000000000000	-21.113308016749
58.000000000000	-18.449148324324
59.000000000000	-18.183751723562
60.000000000000	-20.105952462226
61.000000000000	-25.188717798612
62.000000000000	-30.676160011497
63.000000000000	-23.244978239069
64.000000000000	-19.626357998066
65.000000000000	-18.549126856735
66.000000000000	-19.379495739580
67.000000000000	-22.405951677500
68.000000000000	-29.749087175444
69.000000000000	-32.069407257703
70.000000000000	-23.750710000072
71.000000000000	-20.461944698166
72.000000000000	-19.281720356215
73.000000000000	-19.509615826084
74.000000000000	-21.033246128505
75.000000000000	-24.203280789738
76.000000000000	-30.664937308311
77.000000000000	-37.367670353625
78.000000000000	-26.939435815979
79.000000000000	-22.204196283614
80.000000000000	-19.415382095826
81.000000000000	-17.630545660249
82.000000000000	-16.538010119081
83.000000000000	-16.027427402863
84.000000000000	-16.074144874310
85.000000000000	-16.694611057365
86.000000000000	-17.896794423795
87.000000000000	-19.491436542162
88.000000000000	-20.506825817599
89.000000000000	-19.469906843405
90.000000000000	-17.087945056843
91.000000000000	-14.751318203924
92.000000000000	-12.861334014087
93.000000000000	-11.414167084078
94.000000000000	-10.337857019876
95.000000000000	-9.5653559417454
96.000000000000	-9.0447876735641
97.000000000000	-8.7379641430902
98.000000000000	-8.6167234431468
99.000000000000	-8.6593145515447
100.00000000000	-8.8466261154479
101.00000000000	-9.1591327118438
102.00000000000	-9.5756635600778
103.00000000000	-10.074005655174
104.00000000000	-10.633401361536
105.00000000000	-11.237584414644
106.00000000000	-11.875473151644
107.00000000000	-12.538229005904
108.00000000000	-13.214981131185
109.00000000000	-13.891069453495
110.00000000000	-14.553777145239
111.00000000000	-15.202916076170
112.00000000000	-15.858015879298
113.00000000000	-16.550597788068
114.00000000000	-17.300214507868
115.00000000000	-18.085858150703
116.00000000000	-18.828949886925
117.00000000000	-19.420446552980
118.00000000000	-19.805225925301
119.00000000000	-20.050832311128
120.00000000000	-20.314064416597
121.00000000000	-20.740070098811
122.00000000000	-21.385210758866
123.00000000000	-22.167728216129
124.00000000000	-22.877287662018
125.00000000000	-23.341801688488
126.00000000000	-23.634743092299
127.00000000000	-23.954949726298
128.00000000000	-24.327453870875
129.00000000000	-24.612072906832
130.00000000000	-24.870355573941
131.00000000000	-25.476416024888
132.00000000000	-26.666020666291
133.00000000000	-27.907085061645
134.00000000000	-28.053720127010
135.00000000000	-27.414648448764
136.00000000000	-27.008944245292
137.00000000000	-26.976400517793
138.00000000000	-27.322016217353
139.00000000000	-28.390867646736
140.00000000000	-29.702947491186
141.00000000000	-29.240523203570
142.00000000000	-28.177540357366
143.00000000000	-28.680472032310
144.00000000000	-30.316755892750
145.00000000000	-30.417076116845
146.00000000000	-29.947966416251
147.00000000000	-30.196032569869
148.00000000000	-29.001265751608
149.00000000000	-27.821858276398
150.00000000000	-28.831962447715
151.00000000000	-30.832238275781
152.00000000000	-31.246347430039
153.00000000000	-34.109093349545
154.00000000000	-35.323850182673
155.00000000000	-29.236913764467
156.00000000000	-28.389142606147
157.00000000000	-30.876617548430
158.00000000000	-29.980523025237
159.00000000000	-30.082540037229
160.00000000000	-40.147605899811
161.00000000000	-33.191567924687
162.00000000000	-28.235614751546
163.00000000000	-27.188451747100
164.00000000000	-25.777272904195
165.00000000000	-26.979913217016
166.00000000000	-37.423767588662
167.00000000000	-32.459962382387
168.00000000000	-29.536423074582
169.00000000000	-28.412778483982
170.00000000000	-23.920386495370
171.00000000000	-24.476235609769
172.00000000000	-33.659508399483
173.00000000000	-31.346044839881
174.00000000000	-33.396197574193
175.00000000000	-23.221972837489
176.00000000000	-18.599899885686
177.00000000000	-22.455265236430
178.00000000000	-20.656615042226
179.00000000000	-11.719420822828
180.00000000000	-9.5212322552091
